"","AB9","AJJ","AMU","AY9","B7D","BFX","C23","CHC","CKE","D34","DSD","DUB","DWH","DY7","DYG","E1F","ERD","F06","F3C","F6V","FCZ","FF2","FKB","G0A","GC2","GEB","GKN","H7Z","HAF","HAN","JAX","JEB","JGV","JPE","JUS","JZU","K4E","K71","M19","MBS","MK3","MYQ","N3A","N67","N6Q","NCW","ND3","NK4","NR7","P4Z","P5W","P64","PN5","QD1","QZM","R7H","S0H","S64","SNZ","SYE","T01","T1B","T4Y","T91","TDD","TM1","U0H","U0J","UNT","V1C","VCT","VSX","VWW","WCK","WQE","X1J","X2X","X4C","X9J","XTG","XVF","XXM","YCU","YGN","YX3","Z6V","Z8V","ZAT","ZGA","ZVF","ZVQ","ZWP","ZZQ","FUT","KE0","QVY","N64","W90","CV9","FGN","Y15","SSD","TUE","X58","KJ2","Q0Z","K3V","YBV","WT6","HE7","M9X","X2C","HGH","ME6","T0N","G2Y","Y9Y"
"AB9",0,6.3812983231528,4.9735520889367,5.277910147179,8.3826429980276,0.0469429523638993,0.9742799530535,4.5527962261073,7.5112418593742,9.3874232148732,1.6626371065156,2.2098034918547,5.1204758722241,3.3956428187197,1.0754469505823,2.9955681680956,0.452131956335499,0.0159763313608998,3.3206595269532,10.8863440531419,5.3860997932066,5.1653910628148,9.4017797861439,6.2028072366461,1.8356927854952,8.8699555701152,8.1373752233277,9.2987069580325,4.6022353714661,3.6354641785831,5.1993270077397,1.4805998197607,2.7753774921159,7.1273564618103,2.2293048735742,9.1046551803422,10.0424226123526,0.262481718525702,3.184207533627,4.1862153350543,3.926557731677,4.8870567428656,3.7379578463494,3.1449803144297,0.575544073999101,2.3589030220989,2.4552462155332,2.3563754160603,6.2031499968563,5.4644277816578,8.2591862079041,0.637224569218098,3.4195774393941,1.0333469440914,7.4690375558507,3.7385293838571,6.303717017653,1.8835688070584,6.1935442180197,3.6228011780684,2.2672767190307,5.2085894430876,0.503066332530899,0.3627988295347,6.6809428759891,1.7357872350102,5.2409503167927,5.3132694441759,6.0363587461489,1.38997383042,3.7225552787293,4.6998472991028,2.3651603906179,8.0065330792463,1.590614343859,2.3725813658898,0.194758586884301,7.2753377745119,7.2231754136757,5.2466869833381,2.5604161481039,4.4484104115316,4.385856955787,3.7380514997888,0.764822317716,3.4673452547722,6.2357098446009,1.0381985535831,0.668475473373899,3.1647319432343,3.3757826714092,5.6677367337386,3.4993716066824,3.7225552787293,4.6768051579661,2.199639952262,4.2126733851329,8.2309269475299,6.3544451404346,5.0649577197953,4.9738287784025,4.9281750165326,0.860001400511202,1.8565787989142,1.6436554898094,6.4939623557026,4.241893930867,4.4548709594601,9.2506985535831,3.9090442838933,2.1907874879058,3.7225552787293,6.031061581088,3.2976089844221,3.8737823222357,4.088145798125,7.3418416056776
"AJJ",6.3812983231528,0,11.3548504120895,1.1033881759738,14.7639413211804,6.4282412755167,7.3555782762063,10.9340945492601,13.892540182527,15.768721538026,8.0439354296684,8.5911018150075,11.5017741953769,9.7769411418725,5.3058513725705,9.3768664912484,6.8334302794883,6.3972746545137,9.701957850106,17.2676423762947,0.995198529946194,11.5466893859676,15.7830781092967,0.178491086506696,4.5456055376576,15.251253893268,14.5186735464805,15.6800052811853,10.9835336946189,10.0167625017359,11.5806253308925,4.9006985033921,9.1566758152687,13.5086547849631,4.1519934495786,15.485953503495,16.4237209355054,6.1188166046271,9.5655058567798,10.5675136582071,10.3078560548298,1.49424158028719,10.1192561695022,9.5262786375825,5.8057542491537,8.7402013452517,3.9260521076196,4.0249229070925,0.178148326296494,11.8457261048106,14.6404845310569,7.0185228923709,9.8008757625469,7.4146452672442,13.8503358790035,10.1198277070099,12.6850153408058,8.2648671302112,12.5748425411725,10.0040995012212,8.6485750421835,11.5898877662404,5.8782319906219,6.7440971526875,13.0622411991419,8.117085558163,11.6222486399455,1.0680288789769,12.4176570693017,7.7712721535728,10.1038536018821,11.0811456222556,8.7464587137707,14.3878314023991,7.9719126670118,8.7538796890426,6.1865397362685,13.6566360976647,13.6044737368285,11.6279853064909,8.9417144712567,10.8297087346844,10.7671552789398,10.1193498229416,7.1461206408688,2.9139530683806,12.6170081677537,7.4194968767359,5.7128228497789,3.2165663799185,3.0055156517436,12.0490350568914,9.8806699298352,10.1038536018821,1.7044931651867,8.5809382754148,10.5939717082857,14.6122252706827,12.7357434635874,11.4462560429481,11.3551271015553,11.3094733396854,5.5212969226416,8.237877122067,4.7376428333434,12.8752606788554,10.6231922540198,10.8361692826129,15.6319968767359,10.2903426070461,8.5720858110586,10.1038536018821,12.4123599042408,9.6789073075749,10.2550806453885,10.4694441212778,13.7231399288304
"AMU",4.9735520889367,11.3548504120895,0,10.2514622361157,3.4090909090909,4.9266091365728,3.9992721358832,0.420755862829399,2.5376897704375,4.4138711259365,3.3109149824211,2.763748597082,0.146923783287399,1.577909270217,6.048999039519,1.9779839208411,4.5214201326012,4.9575757575758,1.6528925619835,5.9127919642052,10.3596518821433,0.191838973878099,4.4282276972072,11.1763593255828,6.8092448744319,3.8964034811785,3.163823134391,4.3251548690958,0.371316717470599,1.3380879103536,0.225774918803001,6.4541519086974,2.1981745968208,2.1538043728736,7.2028569625109,4.1311030914055,5.0688705234159,5.2360338074624,1.7893445553097,0.7873367538824,1.0469943572597,9.8606088318023,1.2355942425873,1.828571774507,5.5490961629358,2.6146490668378,7.4287983044699,7.329927504997,11.176702085793,0.490875692721101,3.2856341189674,4.3363275197186,1.5539746495426,3.9402051448453,2.495485466914,1.2350227050796,1.3301649287163,3.0899832818783,1.219992129083,1.3507509108683,2.706275369906,0.235037354150901,5.4766184214676,4.610753259402,1.7073907870524,3.2377648539265,0.267398227855999,10.2868215331126,1.0628066572122,3.5835782585167,1.2509968102074,0.2737047898339,2.6083916983188,3.0329809903096,3.3829377450777,2.6009707230469,5.168310675821,2.3017856855752,2.249623324739,0.273134894401398,2.4131359408328,0.525141677405099,0.587695133149701,1.2355005891479,4.2087297712207,8.4408973437089,1.2621577556642,3.9353535353536,5.6420275623106,8.138284032171,8.3493347603459,0.694184644801901,1.4741804822543,1.2509968102074,9.6503572469028,2.7739121366747,0.760878703803801,3.2573748585932,1.3808930514979,0.0914056308585991,0.000276689465799507,0.0453770724041007,5.8335534894479,3.1169732900225,6.6172075787461,1.5204102667659,0.731658158069699,0.518681129476601,4.2771464646464,1.0645078050434,2.7827646010309,1.2509968102074,1.0575094921513,1.6759431045146,1.099769766701,0.885406290811702,2.3682895167409
"AY9",5.277910147179,1.1033881759738,10.2514622361157,0,13.6605531452066,5.3248530995429,6.2521901002325,9.8307063732863,12.7891520065532,14.6653333620522,6.9405472536946,7.4877136390337,10.3983860194031,8.6735529658987,4.2024631965967,8.2734783152746,5.7300421035145,5.2938864785399,8.5985696741322,16.1642542003209,0.108189646027604,10.4433012099938,14.6796899333229,0.924897089467102,3.4422173616838,14.1478657172942,13.4152853705067,14.5766171052115,9.8801455186451,8.9133743257621,10.4772371549187,3.7973103274183,8.0532876392949,12.4052666089893,3.0486052736048,14.3825653275212,15.3203327595316,5.0154284286533,8.462117680806,9.4641254822333,9.204467878856,0.390853404313397,9.0158679935284,8.4228904616087,4.7023660731799,7.6368131692779,2.8226639316458,2.9215347311187,0.925239849677304,10.7423379288368,13.5370963550831,5.9151347163971,8.6974875865731,6.3112570912704,12.7469477030297,9.0164395310361,11.581627164832,7.1614789542374,11.4714543651987,8.9007113252474,7.5451868662097,10.4864995902666,4.7748438146481,5.6407089767137,11.9588530231681,7.0136973821892,10.5188604639717,0.0353592969969014,11.3142688933279,6.667883977599,9.0004654259083,9.9777574462818,7.6430705377969,13.2844432264253,6.868524491038,7.6504915130688,5.0831515602947,12.5532479216909,12.5010855608547,10.5245971305171,7.8383262952829,9.7263205587106,9.663767102966,9.0159616469678,6.042732464895,1.8105648924068,11.5136199917799,6.3161087007621,4.6094346738051,2.1131782039447,1.9021274757698,10.9456468809176,8.7772817538614,9.0004654259083,0.601104989212899,7.477550099441,9.4905835323119,13.5088370947089,11.6323552876136,10.3428678669743,10.2517389255815,10.2060851637116,4.4179087466678,7.1344889460932,3.6342546573696,11.7718725028816,9.519804078046,9.7327811066391,14.5286087007621,9.1869544310723,7.4686976350848,9.0004654259083,11.308971728267,8.5755191316011,9.1516924694147,9.366055945304,12.6197517528566
"B7D",8.3826429980276,14.7639413211804,3.4090909090909,13.6605531452066,0,8.3357000456637,7.4083630449741,3.8298467719203,0.8714011386534,1.0047802168456,6.720005891512,6.1728395061729,3.2621671258035,4.9870001793079,9.4580899486099,5.387074829932,7.9305110416921,8.3666666666667,5.0619834710744,2.5037010551143,13.7687427912342,3.2172519352128,1.0191367881163,14.5854502346737,10.2183357835228,0.4873125720876,0.245267774699901,0.916063960004902,3.7804076265615,4.7471788194445,3.1833159902879,9.8632428177883,5.6072655059117,1.2552865362173,10.6119478716018,0.7220121823146,1.659779614325,8.6451247165533,5.1984354644006,4.1964276629733,4.4560852663506,13.2696997408932,4.6446851516782,5.2376626835979,8.9581870720267,6.0237399759287,10.8378892135608,10.7390184140879,14.5857929948839,2.9182152163698,0.123456790123498,7.7454184288095,4.9630655586335,7.3492960539362,0.913605442176898,4.6441136141705,2.0789259803746,6.4990741909692,2.1890987800079,4.7598418199592,6.1153662789969,3.17405355494,8.8857093305585,8.0198441684929,1.7017001220385,6.6468557630174,3.1416926812349,13.6959124422035,2.3462842518787,6.9926691676076,4.6600877192983,3.6827956989248,6.0174826074097,0.3761099187813,6.7920286541686,6.0100616321378,8.5774015849119,1.1073052235157,1.1594675843519,3.1359560146895,5.8222268499237,3.934232586496,3.9967860422406,4.6445914982388,7.6178206803116,11.8499882527998,2.1469331534267,7.3444444444445,9.0511184714015,11.5473749412619,11.7584256694368,2.714906264289,4.8832713913452,4.6600877192983,13.0594481559937,6.1830030457656,4.1699696128947,0.151716050497701,2.028197857593,3.3176852782323,3.4088142196251,3.454467981495,9.2426443985388,6.5260641991134,10.026298487837,1.888680642325,4.1407490671606,3.9277720385675,0.8680555555555,4.4735987141343,6.1918555101218,4.6600877192983,2.3515814169396,5.0850340136055,4.5088606757919,4.2944971999026,1.04080139235
"BFX",0.0469429523638993,6.4282412755167,4.9266091365728,5.3248530995429,8.3357000456637,0,0.927337000689601,4.5058532737434,7.4642989070103,9.3404802625093,1.6156941541517,2.1628605394908,5.0735329198602,3.3486998663558,1.1223899029462,2.9486252157317,0.4051890039716,0.0309666210029995,3.2737165745893,10.839401100778,5.4330427455705,5.1184481104509,9.35483683378,6.24975018901,1.8826357378591,8.8230126177513,8.0904322709638,9.2517640056686,4.5552924191022,3.5885212262192,5.1523840553758,1.5275427721246,2.728434539752,7.0804135094464,2.2762478259381,9.0577122279783,9.9954796599887,0.309424670889602,3.1372645812631,4.1392723826904,3.8796147793131,4.9339996952295,3.6910148939855,3.0980373620658,0.622487026363,2.311960069735,2.5021891678971,2.4033183684242,6.2500929492202,5.4174848292939,8.2122432555402,0.590281616854199,3.3726344870302,0.986403991727499,7.4220946034868,3.6915864314932,6.2567740652891,1.8366258546945,6.1466012656558,3.5758582257045,2.2203337666668,5.1616464907237,0.550009284894799,0.315855877170801,6.6339999236252,1.6888442826463,5.1940073644288,5.3602123965398,5.989415793785,1.3430308780561,3.6756123263654,4.6529043467389,2.318217438254,7.9595901268824,1.5436713914951,2.3256384135259,0.241701539248201,7.228394822148,7.1762324613118,5.1997440309742,2.51347319574,4.4014674591677,4.3389140034231,3.6911085474249,0.717879365352101,3.5142882071361,6.188766892237,0.991255601219201,0.715418425737798,3.2116748955982,3.4227256237731,5.6207937813747,3.4524286543185,3.6756123263654,4.72374811033,2.1526969998981,4.165730432769,8.183983995166,6.3075021880707,5.0180147674314,4.9268858260386,4.8812320641687,0.906944352875101,1.8096358465503,1.6905984421733,6.4470194033387,4.1949509785031,4.4079280070962,9.2037556012192,3.8621013315294,2.1438445355419,3.6756123263654,5.9841186287241,3.2506660320582,3.8268393698718,4.0412028457611,7.2948986533137
"C23",0.9742799530535,7.3555782762063,3.9992721358832,6.2521901002325,7.4083630449741,0.927337000689601,0,3.5785162730538,6.5369619063207,8.4131432618197,0.6883571534621,1.2355235388012,4.1461959191706,2.4213628656662,2.0497269036358,2.0212882150421,0.522147996718001,0.9583036216926,2.3463795738997,9.9120641000884,6.3603797462601,4.1911111097613,8.4274998330904,7.1770871896996,2.8099727385487,7.8956756170617,7.1630952702742,8.324427004979,3.6279554184126,2.6611842255296,4.2250470546862,2.4548797728142,1.8010975390624,6.1530765087568,3.2035848266277,8.1303752272887,9.0681426592991,1.2367616715792,2.2099275805735,3.2119353820008,2.9522777786235,5.8613366959191,2.7636778932959,2.1707003613762,1.5498240270526,1.3846230690454,3.4295261685867,3.3306553691138,7.1774299499098,4.4901478286043,7.2849062548506,0.337055383835402,2.4452974863406,0.0590669910378985,6.4947576027972,2.7642494308036,5.3294370645995,0.909288854004899,5.2192642649662,2.6485212250149,1.2929967659772,4.2343094900341,1.4773462855844,0.6114811235188,5.7066629229356,0.7615072819567,4.2666703637392,6.2875493972294,5.0620787930954,0.4156938773665,2.7482753256758,3.7255673460493,1.3908804375644,7.0322531261928,0.616334390805498,1.3983014128363,1.1690385399378,6.3010578214584,6.2488954606222,4.2724070302846,1.5861361950504,3.4741304584781,3.4115770027335,2.7637715467353,0.2094576353375,4.4416252078257,5.2614298915474,0.0639186005296004,1.6427554264274,4.1390118962878,4.3500626244627,4.6934567806851,2.5250916536289,2.7482753256758,5.6510851110196,1.2253599992085,3.2383934320794,7.2566469944764,5.3801651873811,4.0906777667418,3.999548825349,3.9538950634791,1.8342813535647,0.882298845860699,2.6179354428629,5.5196824026491,3.2676139778135,3.4805910064066,8.2764186005296,2.9347643308398,1.2165075348523,2.7482753256758,5.0567816280345,2.3233290313686,2.8995023691822,3.1138658450715,6.3675616526241
"CHC",4.5527962261073,10.9340945492601,0.420755862829399,9.8307063732863,3.8298467719203,4.5058532737434,3.5785162730538,0,2.9584456332669,4.8346269887659,2.8901591195917,2.3429927342526,0.567679646116797,1.1571534073876,5.6282431766896,1.5572280580117,4.1006642697718,4.5368198947464,1.2321366991541,6.3335478270346,9.9388960193139,0.612594836707498,4.8489835600366,10.7556034627534,6.3884890116025,4.3171593440079,3.5845789972204,4.7459107319252,0.0494391453588001,0.917332047524201,0.6465307816324,6.033396045868,1.7774187339914,2.574560235703,6.7821010996815,4.5518589542349,5.4896263862453,4.815277944633,1.3685886924803,0.366580891053001,0.6262384944303,9.4398529689729,0.814838379757902,1.4078159116776,5.1283403001064,2.1938932040084,7.0080424416405,6.9091716421676,10.7559462229636,0.9116315555505,3.7063899817968,3.9155716568892,1.1332187867132,3.5194492820159,2.9162413297434,0.814266842250202,1.7509207915457,2.6692274190489,1.6407479919124,0.929995048038901,2.2855195070766,0.6557932169803,5.0558625586382,4.1899973965726,2.1281466498818,2.8170089910971,0.688154090685398,9.8660656702832,1.4835625200416,3.1628223956873,0.830240947378002,0.147051072995499,2.1876358354894,3.453736853139,2.9621818822483,2.1802148602175,4.7475548129916,2.7225415484046,2.6703791875684,0.693890757230797,1.9923800780034,0.1043858145757,0.166939270320302,0.814744726318501,3.7879739083913,8.0201414808795,1.6829136184936,3.5145976725242,5.2212716994812,7.7175281693416,7.9285788975165,1.1149405076313,1.0534246194249,0.830240947378002,9.2296013840734,2.3531562738453,0.340122840974402,3.6781307214226,1.8016489143273,0.512161493687998,0.421032552295198,0.375378790425298,5.4127976266185,2.6962174271931,6.1964517159167,1.9411661295953,0.3109022952403,0.0979252666472021,4.6979023274758,0.643751942214003,2.3620087382015,0.830240947378002,1.4782653549807,1.2551872416852,0.679013903871603,0.464650427982303,2.7890453795703
"CKE",7.5112418593742,13.892540182527,2.5376897704375,12.7891520065532,0.8714011386534,7.4642989070103,6.5369619063207,2.9584456332669,0,1.876181355499,5.8486047528586,5.3014383675195,2.3907659871501,4.1155990406545,8.5866888099565,4.5156736912786,7.0591099030387,7.4952655280133,4.190582332421,3.3751021937677,12.8973416525808,2.3458507965594,1.8905379267697,13.7140490960203,9.3469346448694,1.358713710741,0.6261333639535,1.7874650986583,2.9090064879081,3.8757776807911,2.3119148516345,8.9918416791349,4.7358643672583,0.383885397563901,9.7405467329484,1.593413320968,2.5311807529784,7.7737235778999,4.3270343257472,3.3250265243199,3.5846841276972,12.3982986022398,3.7732840130248,4.3662615449445,8.0867859333733,5.1523388372753,9.9664880749074,9.8676172754345,13.7143918562305,2.0468140777164,0.747944348529902,6.8740172901561,4.0916644199801,6.4778949152828,0.0422043035234978,3.7727124755171,1.2075248417212,5.6276730523158,1.3176976413545,3.8884406813058,5.2439651403435,2.3026524162866,8.0143081919051,7.1484430298395,0.830298983385099,5.775454624364,2.2702915425815,12.8245113035501,1.4748831132253,6.1212680289542,3.7886865806449,2.8113945602714,5.1460814687563,0.495291219872101,5.9206275155152,5.1386604934844,7.7060004462585,0.235904084862298,0.288066445698501,2.2645548760361,4.9508257112703,3.0628314478426,3.1253849035872,3.7731903595854,6.7464195416582,10.9785871141464,1.2755320147733,6.4730433057911,8.1797173327481,10.6759738026085,10.8870245307834,1.8435051256356,4.0118702526918,3.7886865806449,12.1880470173403,5.3116019071122,3.2985684742413,0.7196850881557,1.1567967189396,2.4462841395789,2.5374130809717,2.5830668428416,8.3712432598854,5.65466306046,9.1548973491836,1.0172795036716,3.2693479285072,3.0563708999141,1.7394566942089,3.6021975754809,5.3204543714684,3.7886865806449,1.4801802782862,4.2136328749521,3.6374595371385,3.4230960612492,0.169400253696601
"D34",9.3874232148732,15.768721538026,4.4138711259365,14.6653333620522,1.0047802168456,9.3404802625093,8.4131432618197,4.8346269887659,1.876181355499,0,7.7247861083576,7.1776197230185,4.2669473426491,5.9917803961535,10.4628701654555,6.3918550467776,8.9352912585377,9.3714468835123,6.06676368792,1.4989208382687,14.7735230080798,4.2220321520584,0.0143565712706994,15.5902304515193,11.2231160003684,0.517467644758,1.2500479915455,0.0887162568406978,4.7851878434071,5.7519590362901,4.1880962071335,10.8680230346339,6.6120457227573,2.2600667530629,11.6167280884474,0.282768034530999,0.654999397479401,9.6499049333989,6.2032156812462,5.2012078798189,5.4608654831962,14.2744799577388,5.6494653685238,6.2424429004435,9.9629672888723,7.0285201927743,11.8426694304064,11.7437986309335,15.5905732117295,3.9229954332154,1.1282370069691,8.7501986456551,5.9678457754791,8.3540762707818,1.9183856590225,5.6488938310161,3.0837061972202,7.5038544078148,3.1938789968535,5.7646220368048,7.1201464958425,4.1788337717856,9.8904895474041,9.0246243853385,2.7064803388841,7.651635979863,4.1464728980805,14.7006926590491,3.3510644687243,7.9974493844532,5.6648679361439,4.6875759157704,7.0222628242553,1.3808901356269,7.7968088710142,7.0148418489834,9.5821818017575,2.1120854403613,2.1642478011975,4.1407362315351,6.8270070667693,4.9390128033416,5.0015662590862,5.6493717150844,8.6226008971572,12.8547684696454,3.1517133702723,8.3492246612901,10.0558986882471,12.5521551581075,12.7632058862824,3.7196864811346,5.8880516081908,5.6648679361439,14.0642283728393,7.1877832626112,5.1747498297403,1.1564962673433,3.0329780744386,4.3224654950779,4.4135944364707,4.4592481983406,10.2474246153844,7.530844415959,11.0310787046826,2.8934608591706,5.1455292840062,4.9325522554131,0.136724661290099,5.4783789309799,7.1966357269674,5.6648679361439,3.3563616337852,6.0898142304511,5.5136408926375,5.2992774167482,2.0455816091956
"DSD",1.6626371065156,8.0439354296684,3.3109149824211,6.9405472536946,6.720005891512,1.6156941541517,0.6883571534621,2.8901591195917,5.8486047528586,7.7247861083576,0,0.5471663853391,3.4578387657085,1.7330057122041,2.7380840570979,1.33293106158,1.2105051501801,1.6466607751547,1.6580224204376,9.2237069466263,7.0487368997222,3.5027539562992,7.7391426796283,7.8654443431617,3.4983298920108,7.2073184635996,6.4747381168121,7.6360698515169,2.9395982649505,1.9728270720675,3.5366899012241,3.1432369262763,1.1127403856003,5.4647193552947,3.8919419800898,7.4420180738266,8.379785505837,1.9251188250413,1.5215704271114,2.5235782285387,2.2639206251614,6.5496938493812,2.0753207398338,1.4823432079141,2.2381811805147,0.6962659155833,4.1178833220488,4.0190125225759,7.8657871033719,3.8017906751422,6.5965491013885,1.0254125372975,1.7569403328785,0.629290162424201,5.8064004493351,2.0758922773415,4.6410799111374,0.220931700542799,4.5309071115041,1.9601640715528,0.604639612515101,3.545952336572,2.1657034390465,1.2998382769809,5.0183057694735,0.0731501284945999,3.5783132102771,6.9759065506915,4.3737216396333,0.272663276095599,2.0599181722137,3.0372101925872,0.702523284102298,6.3438959727307,0.0720227626566015,0.7099442593742,1.8573956933999,5.6127006679963,5.5605383071601,3.5840498768225,0.897779041588301,2.785773305016,2.7232198492714,2.0754143932732,0.8978147887996,5.1299823612878,4.5730727380853,0.624438552932499,2.3311125798895,4.8273690497499,5.0384197779248,4.005099627223,1.8367345001668,2.0599181722137,6.3394422644817,0.5370028457464,2.5500362786173,6.5682898410143,4.691808033919,3.4023206132797,3.3111916718869,3.265537910017,2.5226385070268,0.193941692398599,3.306292596325,4.831325249187,2.5792568243514,2.7922338529445,7.5880614470675,2.2464071773777,0.528150381390198,2.0599181722137,4.3684244745724,1.6349718779065,2.2111452157201,2.4255086916094,5.679204499162
"DUB",2.2098034918547,8.5911018150075,2.763748597082,7.4877136390337,6.1728395061729,2.1628605394908,1.2355235388012,2.3429927342526,5.3014383675195,7.1776197230185,0.5471663853391,0,2.9106723803694,1.185839326865,3.285250442437,0.785764676240898,1.7576715355192,2.1938271604938,1.1108560350985,8.6765405612872,7.5959032850613,2.9555875709601,7.1919762942892,8.4126107285008,4.0454962773499,6.6601520782605,5.927571731473,7.0889034661778,2.3924318796114,1.4256606867284,2.989523515885,3.6904033116154,0.565574000261201,4.9175529699556,4.4391083654289,6.8948516884875,7.8326191204979,2.4722852103804,0.974404041772299,1.9764118431996,1.7167542398223,7.0968602347203,1.5281543544947,0.935176822574999,2.7853475658538,0.1490995302442,4.6650497073879,4.566178907915,8.412953488711,3.2546242898031,6.0493827160494,1.5725789226366,1.2097739475394,1.1764565477633,5.259234063996,1.5287258920024,4.0939135257983,0.326234684796301,3.983740726165,1.4129976862137,0.0574732271760006,2.9987859512329,2.7128698243856,1.84700466232,4.4711393841344,0.4740162568445,3.031146824938,7.5230729360306,3.8265552542942,0.819829661434699,1.5127517868746,2.4900438072481,0.155356898763198,5.7967295873916,0.619189147995701,0.1627778740351,2.404562078739,5.0655342826572,5.013371921821,3.0368834914834,0.350612656249201,2.2386069196769,2.1760534639323,1.5282480079341,1.4449811741387,5.6771487466269,4.0259063527462,1.1716049382716,2.8782789652286,5.374535435089,5.5855861632639,3.4579332418839,1.2895681148277,1.5127517868746,6.8866086498208,0.0101635395926998,2.0028698932782,6.0211234556752,4.1446416485799,2.8551542279406,2.7640252865478,2.7183715246779,3.0698048923659,0.353224692940501,3.8534589816641,4.2841588638479,2.0320904390123,2.2450674676054,7.0408950617284,1.6992407920386,0.0190160039489022,1.5127517868746,3.8212580892333,1.0878054925674,1.663978830381,1.8783423062703,5.1320381138229
"DWH",5.1204758722241,11.5017741953769,0.146923783287399,10.3983860194031,3.2621671258035,5.0735329198602,4.1461959191706,0.567679646116797,2.3907659871501,4.2669473426491,3.4578387657085,2.9106723803694,0,1.7248330535044,6.1959228228064,2.1249077041285,4.6683439158886,5.1044995408632,1.7998163452709,5.7658681809178,10.5065756654307,0.0449151905907001,4.2813039139198,11.3232831088702,6.9561686577193,3.7494796978911,3.0168993511036,4.1782310858084,0.518240500757997,1.485011693641,0.0788511355156025,6.6010756919848,2.3450983801082,2.0068805895862,7.3497807457983,3.9841793081181,4.9219467401285,5.3829575907498,1.9362683385971,0.934260537169799,1.1939181405471,10.0075326150897,1.3825180258747,1.9754955577944,5.6960199462232,2.7615728501252,7.5757220877573,7.4768512882844,11.3236258690804,0.343951909433702,3.13871033568,4.483251303006,1.70089843283,4.0871289281327,2.3485616836266,1.381946488367,1.1832411454289,3.2369070651657,1.0730683457956,1.4976746941557,2.8531991531934,0.0881135708635021,5.623542204755,4.7576770426894,1.560467003765,3.3846886372139,0.1204744445686,10.4337453164,0.915882873924801,3.7305020418041,1.3979205934948,0.420628573121299,2.7553154816062,2.8860572070222,3.5298615283651,2.7478945063343,5.3152344591084,2.1548619022878,2.1026995414516,0.126211111113999,2.5600597241202,0.672065460692497,0.7346189164371,1.3824243724353,4.3556535545081,8.5878211269963,1.1152339723768,4.082277318641,5.788951345598,8.2852078154584,8.4962585436333,0.547260861514502,1.6211042655417,1.3979205934948,9.7972810301902,2.9208359199621,0.9078024870912,3.1104510753058,1.2339692682105,0.0555181524287995,0.146647093821599,0.192300855691499,5.9804772727353,3.2638970733099,6.7641313620335,1.3734864834785,0.878581941357098,0.665604912764,4.130222681359,1.2114315883308,2.9296883843183,1.3979205934948,0.910585708863902,1.822866887802,1.2466935499884,1.0323300740991,2.2213657334535
"DY7",3.3956428187197,9.7769411418725,1.577909270217,8.6735529658987,4.9870001793079,3.3486998663558,2.4213628656662,1.1571534073876,4.1155990406545,5.9917803961535,1.7330057122041,1.185839326865,1.7248330535044,0,4.471089769302,0.400074650624102,2.9435108623842,3.3796664873588,0.0749832917665003,7.4907012344222,8.7817426119263,1.7697482440951,6.0061369674242,9.5984500553658,5.2313356042149,5.4743127513955,4.741732404608,5.9030641393128,1.2065925527464,0.239821359863399,1.80368418902,4.8762426384804,0.6202653266038,3.7317136430906,5.6249476922939,5.7090123616225,6.6467797936329,3.6581245372454,0.211435285092701,0.790572516334599,0.5309149129573,8.2826995615853,0.342315027629699,0.250662504290002,3.9711868927188,1.0367397966208,5.8508890342529,5.75201823478,9.598792815576,2.0687849629381,4.8635433891844,2.7584182495016,0.0239346206743996,2.3622958746283,4.073394737131,0.342886565137398,2.9080741989333,1.5120740116613,2.7979013993,0.227158359348699,1.128366099689,1.8129466243679,3.8987091512506,3.032843989185,3.2853000572694,1.6598555837095,1.845307498073,8.7089122628956,2.6407159274292,2.0056689882997,0.326912460009599,1.3042044803831,1.0304824281018,4.6108902605266,1.8050284748607,1.0230614528299,3.590401405604,3.8796949557922,3.827532594956,1.8510441646184,0.8352266706158,1.0527675928119,0.990214137067298,0.342408681069099,2.6308205010037,6.8629880734919,2.8400670258812,2.3574442651366,4.0641182920936,6.560374761954,6.7714254901289,2.2720939150189,0.103728787962698,0.326912460009599,8.0724479766858,1.1960028664577,0.817030566413198,4.8352841288102,2.9588023217149,1.6693149010756,1.5781859596828,1.5325321978129,4.2556442192309,1.5390640198055,5.0392983085291,3.0983195369829,0.8462511121473,1.0592281407404,5.8550557348634,0.513401465173597,1.2048553308139,0.326912460009599,2.6354187623683,0.0980338342976026,0.478139503515997,0.692502979405297,3.9461987869579
"DYG",1.0754469505823,5.3058513725705,6.048999039519,4.2024631965967,9.4580899486099,1.1223899029462,2.0497269036358,5.6282431766896,8.5866888099565,10.4628701654555,2.7380840570979,3.285250442437,6.1959228228064,4.471089769302,0,4.0710151186779,1.5275789069178,1.0914232819432,4.3961064775355,11.9617910037242,4.3106528426243,6.2408380133971,10.4772267367262,5.1273602860638,0.760245834912901,9.9454025206975,9.21282217391,10.3741539086148,5.6776823220484,4.7109111291654,6.274773958322,0.405152869178401,3.8508244426982,8.2028034123926,1.1538579229919,10.1801021309245,11.1178695629349,0.812965232056598,4.2596544842093,5.2616622856366,5.0020046822593,3.8116097922833,4.8134047969317,4.220427265012,0.499902876583199,3.4343499726812,1.3797992649509,1.280928465478,5.127703046274,6.5398747322401,9.3346331584864,1.7126715198004,4.4950243899764,2.1087938946737,8.544484506433,4.8139763344394,7.3791639682353,2.9590157576407,7.268991168602,4.6982481286507,3.342723669613,6.2840363936699,0.572380618051401,1.438245780117,7.7563898265714,2.8112341855925,6.316397267375,4.2378224935936,7.1118056967312,2.4654207810023,4.7980022293116,5.7752942496851,3.4406073412002,9.0819800298286,2.6660612944413,3.4480283164721,0.880688363697999,8.3507847250942,8.298622364258,6.3221339339204,3.6358630986862,5.5238573621139,5.4613039063693,4.8134984503711,1.8402692682983,2.3918983041899,7.3111567951832,2.1136455041654,0.406971477208401,2.089284992652,2.3003357208269,6.7431836843209,4.5748185572647,4.7980022293116,3.6013582073838,3.2750869028443,5.2881203357152,9.3063738981122,7.4298920910169,6.1404046703776,6.0492757289848,6.0036219671149,0.215445550071099,2.9320257494965,0.568208539227101,7.5694093062849,5.3173408814493,5.5303179100424,10.3261455041654,4.9844912344756,3.2662344384881,4.7980022293116,7.1065085316703,4.3730559350044,4.949229272818,5.1635927487073,8.4172885562599
"E1F",2.9955681680956,9.3768664912484,1.9779839208411,8.2734783152746,5.387074829932,2.9486252157317,2.0212882150421,1.5572280580117,4.5156736912786,6.3918550467776,1.33293106158,0.785764676240898,2.1249077041285,0.400074650624102,4.0710151186779,0,2.5434362117601,2.9795918367347,0.325091358857602,7.8907758850463,8.3816679613022,2.1698228947192,6.4062116180483,9.1983754047417,4.8312609535908,5.8743874020196,5.1418070552321,6.3031387899369,1.6066672033705,0.639896010487501,2.2037588396441,4.4761679878563,0.220190675979698,4.1317882937147,5.2248730416698,6.1090870122466,7.046854444257,3.2580498866213,0.188639365531401,1.1906471669587,0.930989563581402,7.8826249109612,0.742389678253801,0.1494121463341,3.5711122420947,0.636665145996698,5.4508143836288,5.3519435841559,9.1987181649519,2.4688596135622,5.2636180398085,2.3583435988775,0.424009271298502,1.9622212240042,4.4734693877551,0.7429612157615,3.3081488495574,1.1119993610372,3.1979760499241,0.627233009972802,0.728291449064898,2.213021274992,3.4986345006265,2.6327693385609,3.6853747078935,1.2597809330854,2.2453821486971,8.3088376122715,3.0407905780533,1.6055943376756,0.726987110633701,1.7042791310072,0.6304077774777,5.0109649111507,1.4049538242366,0.622986802205798,3.1903267549799,4.2797696064163,4.2276072455801,2.2511188152425,0.435152019991698,1.452842243436,1.3902887876914,0.742483331693201,2.2307458503796,6.4629134228678,3.2401416765053,1.9573696145125,3.6640436414695,6.1603001113299,6.3713508395048,2.672168565643,0.5038034385868,0.726987110633701,7.6723733260617,0.795928215833598,1.2171052170373,5.2353587794343,3.358876972339,2.0693895516997,1.9782606103069,1.932606848437,3.8555695686068,1.1389893691814,4.639223657905,3.498394187607,1.2463257627714,1.4593027913645,6.2551303854875,0.9134761157977,0.804780680189801,0.726987110633701,3.0354934129924,0.3020408163265,0.8782141541401,1.0925776300294,4.346273437582
"ERD",0.452131956335499,6.8334302794883,4.5214201326012,5.7300421035145,7.9305110416921,0.4051890039716,0.522147996718001,4.1006642697718,7.0591099030387,8.9352912585377,1.2105051501801,1.7576715355192,4.6683439158886,2.9435108623842,1.5275789069178,2.5434362117601,0,0.436155624974599,2.8685275706177,10.4342120968064,5.8382317495421,4.7132591064793,8.9496478298084,6.6549391929816,2.2878247418307,8.4178236137797,7.6852432669922,8.846575001697,4.1501034151306,3.1833322222476,4.7471950514042,1.9327317760962,2.3232455357804,6.6752245054748,2.6814368299097,8.6525232240067,9.5902906560171,0.714613674861202,2.7320755772915,3.7340833787188,3.4744257753415,5.3391886992011,3.2858258900139,2.6928483580942,1.0276760303346,1.9067710657634,2.9073781718687,2.8085073723958,6.6552819531918,5.0122958253223,7.8070542515686,0.185092612882599,2.9674454830586,0.581214987755899,7.0169055995152,3.2863974275216,5.8515850613175,1.4314368507229,5.7414122616842,3.1706692217329,1.8151447626952,4.7564574867521,0.955198288866399,0.0893331268007991,6.2288109196536,1.2836552786747,4.7888183604572,5.7654014005114,5.5842267898134,0.937841874084501,3.2704233223938,4.2477153427673,1.9130284342824,7.5544011229108,1.1384823875235,1.9204494095543,0.646890543219801,6.8232058181764,6.7710434573402,4.7945550270026,2.1082841917684,3.9962784551961,3.9337249994515,3.2859195434533,0.312690361380501,3.9194772111077,5.7835778882654,0.586066597247601,1.1206074297094,3.6168638995698,3.8279146277447,5.2156047774031,3.0472396503469,3.2704233223938,5.1289371143016,1.7475079959265,3.7605414287974,7.7787949911944,5.9023131840991,4.6128257634598,4.521696822067,4.4760430601971,1.3121333568467,1.4044468425787,2.0957874461449,6.0418303993671,3.7897619745315,4.0027390031246,8.7985665972476,3.4569123275578,1.7386555315703,3.2704233223938,5.5789296247525,2.8454770280866,3.4216503659002,3.6360138417895,6.8897096493421
"F06",0.0159763313608998,6.3972746545137,4.9575757575758,5.2938864785399,8.3666666666667,0.0309666210029995,0.9583036216926,4.5368198947464,7.4952655280133,9.3714468835123,1.6466607751547,2.1938271604938,5.1044995408632,3.3796664873588,1.0914232819432,2.9795918367347,0.436155624974599,0,3.3046831955923,10.870367721781,5.4020761245675,5.1494147314539,9.385803454783,6.218783568007,1.8516691168561,8.8539792387543,8.1213988919668,9.2827306266716,4.5862590401052,3.6194878472222,5.1833506763788,1.4965761511216,2.759401160755,7.1113801304494,2.2452812049351,9.0886788489813,10.0264462809917,0.278458049886602,3.1682312022661,4.1702390036934,3.9105814003161,4.9030330742265,3.7219815149885,3.1290039830688,0.591520405360001,2.342926690738,2.4712225468941,2.3723517474212,6.2191263282172,5.4484514502969,8.2432098765432,0.621248237857198,3.4036011080332,1.0173706127305,7.4530612244898,3.7225530524962,6.2877406862921,1.8675924756975,6.1775678866588,3.6068248467075,2.2513003876698,5.1926131117267,0.519042663891799,0.3468224981738,6.6649665446282,1.7198109036493,5.2249739854318,5.3292457755368,6.020382414788,1.3739974990591,3.7065789473684,4.6838709677419,2.349184059257,7.9905567478854,1.5746380124981,2.3566050345289,0.210734918245201,7.259361443151,7.2071990823148,5.2307106519772,2.544439816743,4.4324340801707,4.3698806244261,3.7220751684279,0.7488459863551,3.4833215861331,6.21973351324,1.0222222222222,0.684451804734799,3.1807082745952,3.3917590027701,5.6517604023777,3.4833952753215,3.7065789473684,4.692781489327,2.1836636209011,4.196697053772,8.214950616169,6.3384688090737,5.0489813884344,4.9578524470416,4.9121986851717,0.875977731872101,1.8406024675533,1.6596318211703,6.4779860243417,4.2259175995061,4.4388946280992,9.2347222222222,3.8930679525324,2.1748111565449,3.7065789473684,6.0150852497271,3.2816326530612,3.8578059908748,4.0721694667641,7.3258652743167
"F3C",3.3206595269532,9.701957850106,1.6528925619835,8.5985696741322,5.0619834710744,3.2737165745893,2.3463795738997,1.2321366991541,4.190582332421,6.06676368792,1.6580224204376,1.1108560350985,1.7998163452709,0.0749832917665003,4.3961064775355,0.325091358857602,2.8685275706177,3.3046831955923,0,7.5656845261887,8.7067593201598,1.8447315358616,6.0811202591907,9.5234667635993,5.1563523124484,5.549296043162,4.8167156963745,5.9780474310793,1.2815758445129,0.314804651629899,1.8786674807865,4.8012593467139,0.5452820348373,3.8066969348571,5.5499644005274,5.783995653389,6.7217630853994,3.5831412454789,0.136451993326201,0.865555808101099,0.6058982047238,8.2077162698188,0.417298319396199,0.175679212523502,3.8962036009523,0.9617565048543,5.7759057424864,5.6770349430135,9.5238095238095,2.1437682547046,4.9385266809509,2.6834349577351,0.0989179124408999,2.2873125828618,4.1483780288975,0.417869856903899,2.9830574906998,1.4370907198948,2.8728846910665,0.3021416511152,1.0533828079225,1.8879299161344,3.8237258594841,2.9578606974185,3.3602833490359,1.584872291943,1.9202907898395,8.6339289711291,2.7156992191957,1.9306856965332,0.401895751776099,1.3791877721496,0.955499136335302,4.6858735522931,1.7300451830942,0.9480781610634,3.5154181138375,3.9546782475587,3.9025158867225,1.9260274563849,0.760243378849299,1.1277508845784,1.0651974288338,0.417391972835599,2.5558372092372,6.7880047817254,2.9150503176477,2.2824609733701,3.9891350003271,6.4853914701875,6.6964421983624,2.3470772067854,0.178712079729198,0.401895751776099,7.9974646849193,1.1210195746912,0.892013858179698,4.9102674205767,3.0337856134814,1.7442981928421,1.6531692514493,1.6075154895794,4.1806609274644,1.464080728039,4.9643150167626,3.1733028287494,0.9212344039138,1.1342114325069,5.9300390266299,0.588384756940098,1.1298720390474,0.401895751776099,2.7104020541348,0.0230505425311023,0.553122795282498,0.767486271171798,4.0211820787244
"F6V",10.8863440531419,17.2676423762947,5.9127919642052,16.1642542003209,2.5037010551143,10.839401100778,9.9120641000884,6.3335478270346,3.3751021937677,1.4989208382687,9.2237069466263,8.6765405612872,5.7658681809178,7.4907012344222,11.9617910037242,7.8907758850463,10.4342120968064,10.870367721781,7.5656845261887,0,16.2724438463485,5.7209529903271,1.484564266998,17.089151289788,12.7220368386371,2.0163884830267,2.7489688298142,1.5876370951094,6.2841086816758,7.2508798745588,5.6870170454022,12.3669438729026,8.110966561026,3.7589875913316,13.1156489267161,1.7816888727997,0.843921440789298,11.1488257716676,7.7021365195149,6.7001287180876,6.9597863214649,15.7734007960075,7.1483862067925,7.7413637387122,11.461888127141,8.527441031043,13.3415902686751,13.2427194692022,17.0894940499982,5.4219162714841,2.6271578452378,10.2491194839238,7.4667666137478,9.8529971090505,3.4173064972912,7.1478146692848,4.5826270354889,9.0027752460835,4.6927998351222,7.2635428750735,8.6190673341112,5.6777546100543,11.3894103856728,10.5235452236072,4.2054011771528,9.1505568181317,5.6453937363492,16.1996134973178,4.849985306993,9.4963702227219,7.1637887744126,6.1864967540391,8.521183662524,2.8798109738956,9.2957297092829,8.5137626872521,11.0811026400262,3.61100627863,3.6631686394662,5.6396570698038,8.325927905038,6.4379336416103,6.5004870973549,7.1482925533531,10.1215217354259,14.3536893079141,4.650634208541,9.8481454995588,11.5548195265158,14.0510759963762,14.2621267245511,5.2186073194033,7.3869724464595,7.1637887744126,15.563149211108,8.6867041008799,6.673670668009,2.655417105612,4.5318989127073,5.8213863333466,5.9125152747394,5.9581690366093,11.7463454536531,9.0297652542277,12.5299995429513,4.3923816974393,6.6444501222749,6.4314730936818,1.6356454995588,6.9772997692486,8.6955565652361,7.1637887744126,4.8552824720539,7.5887350687198,7.0125617309062,6.7981982550169,3.5445024474643
