"","V1","V2","V3","V4","V5","V6","V7","V8","V9","V10","V11","V12","V13","V14","V15","V16","V17","V18","V19","V20","V21","V22","V23","V24","V25","V26","V27","V28","V29","V30","V31","V32","V33","V34","V35","V36","V37","V38","V39","V40","V41","V42","V43","V44","V45","V46","V47","V48","V49","V50","V51","V52","V53","V54","V55","V56","V57","V58","V59","V60","V61","V62","V63","V64","V65","V66","V67","V68","V69","V70","V71","V72","V73","V74","V75","V76","V77","V78","V79","V80","V81","V82","V83","V84","V85","V86","V87","V88","V89","V90","V91","V92","V93","V94","V95","V96","V97","V98","V99","V100","V101","V102","V103","V104","V105","V106","V107","V108","V109","V110","V111","V112","V113","V114","V115","V116","V117","V118","V119","V120","V121","V122","V123","V124","V125","V126"
"1",0,0.757237667112294,3.84659520010569,0.586364189555576,0.533082822942639,2.93550314314077,0.394845539280704,2.4837211131939,0.448489011013208,1.0700790152687,1.67437192497489,0.968541800966387,1.64117385556529,1.34941845772587,0.664998271234913,4.3092187220538,2.79409148909094,1.4554567097702,1.53662999981402,0.464089951455687,0.757237667112294,1.64117385556529,3.40476244782665,1.64117385556529,0.785890471799162,0.448489011013208,0.570849068740097,2.82494395257371,1.67437192497489,1.4554567097702,1.30004774201619,0.533082822942639,0.996102808441123,4.65752541632202,0.282292641069546,2.4837211131939,1.0700790152687,0.974391603504163,1.88493669408224,4.33907168520348,0.996102808441123,1.46567826384174,1.62497916964531,2.79409148909094,0.570849068740097,6.44928488555007,4.65752541632202,0.237200086499534,1.34941845772587,0.918170710659689,3.5315141534658,0.757237667112294,3.5315141534658,1.53662999981402,4.33907168520348,0.570849068740097,1.0700790152687,2.82494395257371,2.93550314314077,3.75465770478,0.394845539280704,3.75465770478,6.44928488555007,1.65184281191486,2.08618626076171,4.33907168520348,0.237200086499534,1.69569469444371,2.32215050050498,1.0700790152687,4.65752541632202,1.62497916964531,0.464089951455687,0.394845539280704,1.80730072643927,1.17372450612465,1.40179246435725,6.04381977744191,2.51745925282575,5.53299415367592,0.757237667112294,0.448489011013208,1.80730072643927,0.424627371086329,0.354587083800441,4.65752541632202,0.918170710659689,3.84659520010569,0,1.06823612140457,1.0903428971856,1.71748204862862,1.67437192497489,0.282292641069546,6.44928488555007,0.664998271234913,4.0513896127517,1.69569469444371,2.08618626076171,1.06823612140457,2.08618626076171,0.757237667112294,0.354587083800441,0.664998271234913,0.689594778955577,1.30004774201619,0.237200086499534,0.757237667112294,1.0700790152687,1.71748204862862,1.0700790152687,4.3092187220538,5.53299415367592,2.51745925282575,0.448489011013208,1.88493669408224,1.0903428971856,1.65184281191486,2.51745925282575,0.757237667112294,4.0513896127517,0.918170710659689,0.586364189555576,1.06823612140457,6.04381977744191,2.32134437389946
"2",0.757237667112294,0,3.0893575329934,0.170873477556718,0.224154844169655,2.17826547602848,0.36239212783159,1.7264834460816,0.308748656099086,0.312841348156404,0.917134257862594,0.211304133854092,0.883936188452997,0.592180790613581,0.0922393958773817,3.55198105494151,2.03685382197865,0.698219042657906,0.779392332701727,0.293147715656607,0,0.883936188452997,2.64752478071436,0.883936188452997,0.0286528046868675,0.308748656099086,0.186388598372197,2.06770628546141,0.917134257862594,0.698219042657906,0.542810074903896,0.224154844169655,0.238865141328828,3.90028774920972,0.474945026042748,1.7264834460816,0.312841348156404,0.217153936391869,1.12769902696994,3.58183401809119,0.238865141328828,0.708440596729444,0.867741502533018,2.03685382197865,0.186388598372197,5.69204721843778,3.90028774920972,0.994437753611829,0.592180790613581,0.160933043547395,2.7742764863535,0,2.7742764863535,0.779392332701727,3.58183401809119,0.186388598372197,0.312841348156404,2.06770628546141,2.17826547602848,2.99742003766771,0.36239212783159,2.99742003766771,5.69204721843778,0.894605144802567,1.32894859364942,3.58183401809119,0.994437753611829,0.938457027331415,1.56491283339269,0.312841348156404,3.90028774920972,0.867741502533018,0.293147715656607,0.36239212783159,1.05006305932697,0.416486839012359,2.15903013146954,5.28658211032962,1.76022158571345,4.77575648656362,0,0.308748656099086,1.05006305932697,0.332610296025965,0.402650583311853,3.90028774920972,0.160933043547395,3.0893575329934,0.757237667112294,0.310998454292278,0.333105230073308,0.960244381516322,0.917134257862594,0.474945026042748,5.69204721843778,0.0922393958773817,3.29415194563941,0.938457027331415,1.32894859364942,0.310998454292278,1.32894859364942,0,0.402650583311853,0.0922393958773817,0.0676428881567173,0.542810074903896,0.994437753611829,0,0.312841348156404,0.960244381516322,0.312841348156404,3.55198105494151,4.77575648656362,1.76022158571345,0.308748656099086,1.12769902696994,0.333105230073308,0.894605144802567,1.76022158571345,0,3.29415194563941,0.160933043547395,0.170873477556718,0.310998454292278,5.28658211032962,1.56410670678716
"3",3.84659520010569,3.0893575329934,0,3.26023101055011,3.31351237716305,0.911092056964917,3.45174966082499,1.36287408691179,3.39810618909248,2.77651618483699,2.1722232751308,2.8780533991393,2.2054213445404,2.49717674237982,3.18159692887078,0.462623521948113,1.05250371101475,2.39113849033549,2.30996520029167,3.38250524865,3.0893575329934,2.2054213445404,0.441832752279039,2.2054213445404,3.06070472830653,3.39810618909248,3.27574613136559,1.02165124753198,2.1722232751308,2.39113849033549,2.5465474580895,3.31351237716305,2.85049239166457,0.810930216216329,3.56430255903614,1.36287408691179,2.77651618483699,2.87220359660153,1.96165850602345,0.492476485097795,2.85049239166457,2.38091693626395,2.22161603046038,1.05250371101475,3.27574613136559,2.60268968544438,0.810930216216329,4.08379528660522,2.49717674237982,2.928424489446,0.315081046639895,3.0893575329934,0.315081046639895,2.30996520029167,0.492476485097795,3.27574613136559,2.77651618483699,1.02165124753198,0.911092056964917,0.0919374953256851,3.45174966082499,0.0919374953256851,2.60268968544438,2.19475238819083,1.76040893934398,0.492476485097795,4.08379528660522,2.15090050566198,1.52444469960071,2.77651618483699,0.810930216216329,2.22161603046038,3.38250524865,3.45174966082499,2.03929447366642,2.67287069398104,5.24838766446294,2.19722457733622,1.32913594727994,1.68639895357023,3.0893575329934,3.39810618909248,2.03929447366642,3.42196782901936,3.49200811630525,0.810930216216329,2.928424489446,0,3.84659520010569,2.77835907870112,2.75625230292009,2.12911315147707,2.1722232751308,3.56430255903614,2.60268968544438,3.18159692887078,0.204794412646014,2.15090050566198,1.76040893934398,2.77835907870112,1.76040893934398,3.0893575329934,3.49200811630525,3.18159692887078,3.15700042115011,2.5465474580895,4.08379528660522,3.0893575329934,2.77651618483699,2.12911315147707,2.77651618483699,0.462623521948113,1.68639895357023,1.32913594727994,3.39810618909248,1.96165850602345,2.75625230292009,2.19475238819083,1.32913594727994,3.0893575329934,0.204794412646014,2.928424489446,3.26023101055011,2.77835907870112,2.19722457733622,1.52525082620623
"4",0.586364189555576,0.170873477556718,3.26023101055011,0,0.0532813666129375,2.3491389535852,0.191518650274872,1.89735692363832,0.137875178542368,0.483714825713122,1.08800773541931,0.38217761141081,1.05480966600972,0.763054268170299,0.0786340816793363,3.72285453249823,2.20772729953537,0.869092520214624,0.950265810258445,0.122274238099889,0.170873477556718,1.05480966600972,2.81839825827107,1.05480966600972,0.199526282243585,0.137875178542368,0.0155151208154791,2.23857976301813,1.08800773541931,0.869092520214624,0.713683552460614,0.0532813666129375,0.409738618885546,4.07116122676644,0.30407154848603,1.89735692363832,0.483714825713122,0.388027413948587,1.29857250452666,3.75270749564791,0.409738618885546,0.879314074286162,1.03861498008974,2.20772729953537,0.0155151208154791,5.8629206959945,4.07116122676644,0.823564276055111,0.763054268170299,0.331806521104113,2.94514996391022,0.170873477556718,2.94514996391022,0.950265810258445,3.75270749564791,0.0155151208154791,0.483714825713122,2.23857976301813,2.3491389535852,3.16829351522443,0.191518650274872,3.16829351522443,5.8629206959945,1.06547862235928,1.49982207120613,3.75270749564791,0.823564276055111,1.10933050488813,1.73578631094941,0.483714825713122,4.07116122676644,1.03861498008974,0.122274238099889,0.191518650274872,1.22093653688369,0.587360316569077,1.98815665391282,5.45745558788633,1.93109506327017,4.94662996412034,0.170873477556718,0.137875178542368,1.22093653688369,0.161736818469247,0.231777105755135,4.07116122676644,0.331806521104113,3.26023101055011,0.586364189555576,0.481871931848996,0.503978707630026,1.13111785907304,1.08800773541931,0.30407154848603,5.8629206959945,0.0786340816793363,3.46502542319613,1.10933050488813,1.49982207120613,0.481871931848996,1.49982207120613,0.170873477556718,0.231777105755135,0.0786340816793363,0.103230589400001,0.713683552460614,0.823564276055111,0.170873477556718,0.483714825713122,1.13111785907304,0.483714825713122,3.72285453249823,4.94662996412034,1.93109506327017,0.137875178542368,1.29857250452666,0.503978707630026,1.06547862235928,1.93109506327017,0.170873477556718,3.46502542319613,0.331806521104113,0,0.481871931848996,5.45745558788633,1.73498018434388
"5",0.533082822942639,0.224154844169655,3.31351237716305,0.0532813666129375,0,2.40242032019813,0.138237283661935,1.95063829025126,0.0845938119294303,0.536996192326059,1.14128910203225,0.435458978023748,1.10809103262265,0.816335634783236,0.131915448292274,3.77613589911116,2.26100866614831,0.922373886827561,1.00354717687138,0.0689928714869517,0.224154844169655,1.10809103262265,2.87167962488401,1.10809103262265,0.252807648856523,0.0845938119294303,0.0377662457974584,2.29186112963107,1.14128910203225,0.922373886827561,0.766964919073551,0,0.463019985498484,4.12444259337938,0.250790181873093,1.95063829025126,0.536996192326059,0.441308780561524,1.3518538711396,3.80598886226085,0.463019985498484,0.9325954408991,1.09189634670267,2.26100866614831,0.0377662457974584,5.91620206260744,4.12444259337938,0.770282909442173,0.816335634783236,0.38508788771705,2.99843133052316,0.224154844169655,2.99843133052316,1.00354717687138,3.80598886226085,0.0377662457974584,0.536996192326059,2.29186112963107,2.40242032019813,3.22157488183737,0.138237283661935,3.22157488183737,5.91620206260744,1.11875998897222,1.55310343781907,3.80598886226085,0.770282909442173,1.16261187150107,1.78906767756234,0.536996192326059,4.12444259337938,1.09189634670267,0.0689928714869517,0.138237283661935,1.27421790349663,0.640641683182015,1.93487528729989,5.51073695449927,1.98437642988311,4.99991133073328,0.224154844169655,0.0845938119294303,1.27421790349663,0.10845545185631,0.178495739142198,4.12444259337938,0.38508788771705,3.31351237716305,0.533082822942639,0.535153298461934,0.557260074242963,1.18439922568598,1.14128910203225,0.250790181873093,5.91620206260744,0.131915448292274,3.51830678980907,1.16261187150107,1.55310343781907,0.535153298461934,1.55310343781907,0.224154844169655,0.178495739142198,0.131915448292274,0.156511956012938,0.766964919073551,0.770282909442173,0.224154844169655,0.536996192326059,1.18439922568598,0.536996192326059,3.77613589911116,4.99991133073328,1.98437642988311,0.0845938119294303,1.3518538711396,0.557260074242963,1.11875998897222,1.98437642988311,0.224154844169655,3.51830678980907,0.38508788771705,0.0532813666129375,0.535153298461934,5.51073695449927,1.78826155095682
"6",2.93550314314077,2.17826547602848,0.911092056964917,2.3491389535852,2.40242032019813,0,2.54065760386007,0.451782029946875,2.48701413212756,1.86542412787207,1.26113121816588,1.96696134217439,1.29432928757548,1.5860846854149,2.27050487190586,1.37371557891303,0.141411654049828,1.48004643337057,1.39887314332675,2.47141319168509,2.17826547602848,1.29432928757548,0.469259304685878,1.29432928757548,2.14961267134161,2.48701413212756,2.36465407440068,0.110559190567064,1.26113121816588,1.48004643337057,1.63545540112458,2.40242032019813,1.93940033469965,1.72202227318125,2.65321050207123,0.451782029946875,1.86542412787207,1.96111153963661,1.05056644905853,1.40356854206271,1.93940033469965,1.46982487929903,1.31052397349546,0.141411654049828,2.36465407440068,3.5137817424093,1.72202227318125,3.17270322964031,1.5860846854149,2.01733243248108,0.596011010325022,2.17826547602848,0.596011010325022,1.39887314332675,1.40356854206271,2.36465407440068,1.86542412787207,0.110559190567064,0,0.819154561639232,2.54065760386007,0.819154561639232,3.5137817424093,1.28366033122591,0.849316882379062,1.40356854206271,3.17270322964031,1.23980844869706,0.61335264263579,1.86542412787207,1.72202227318125,1.31052397349546,2.47141319168509,2.54065760386007,1.12820241670151,1.76177863701612,4.33729560749802,3.10831663430114,0.418043890315024,2.59749101053515,2.17826547602848,2.48701413212756,1.12820241670151,2.51087577205444,2.58091605934033,1.72202227318125,2.01733243248108,0.911092056964917,2.93550314314077,1.8672670217362,1.84516024595517,1.21802109451216,1.26113121816588,2.65321050207123,3.5137817424093,2.27050487190586,1.11588646961093,1.23980844869706,0.849316882379062,1.8672670217362,0.849316882379062,2.17826547602848,2.58091605934033,2.27050487190586,2.2459083641852,1.63545540112458,3.17270322964031,2.17826547602848,1.86542412787207,1.21802109451216,1.86542412787207,1.37371557891303,2.59749101053515,0.418043890315024,2.48701413212756,1.05056644905853,1.84516024595517,1.28366033122591,0.418043890315024,2.17826547602848,1.11588646961093,2.01733243248108,2.3491389535852,1.8672670217362,3.10831663430114,0.614158769241315
"7",0.394845539280704,0.36239212783159,3.45174966082499,0.191518650274872,0.138237283661935,2.54065760386007,0,2.08887557391319,0.0536434717325047,0.675233475987994,1.27952638569418,0.573696261685683,1.24632831628459,0.954572918445171,0.270152731954209,3.9143731827731,2.39924594981024,1.0606111704895,1.14178446053332,0.0692444121749833,0.36239212783159,1.24632831628459,3.00991690854595,1.24632831628459,0.391044932518458,0.0536434717325047,0.176003529459393,2.43009841329301,1.27952638569418,1.0606111704895,0.905202202735486,0.138237283661935,0.601257269160419,4.26267987704132,0.112552898211158,2.08887557391319,0.675233475987994,0.579546064223459,1.49009115480153,3.94422614592278,0.601257269160419,1.07083272456103,1.23013363036461,2.39924594981024,0.176003529459393,6.05443934626937,4.26267987704132,0.632045625780238,0.954572918445171,0.523325171378985,3.13666861418509,0.36239212783159,3.13666861418509,1.14178446053332,3.94422614592278,0.176003529459393,0.675233475987994,2.43009841329301,2.54065760386007,3.3598121654993,0,3.3598121654993,6.05443934626937,1.25699727263416,1.69134072148101,3.94422614592278,0.632045625780238,1.30084915516301,1.92730496122428,0.675233475987994,4.26267987704132,1.23013363036461,0.0692444121749833,0,1.41245518715856,0.77887896684395,1.79663800363795,5.64897423816121,2.12261371354504,5.13814861439521,0.36239212783159,0.0536434717325047,1.41245518715856,0.0297818318056251,0.040258455480263,4.26267987704132,0.523325171378985,3.45174966082499,0.394845539280704,0.673390582123869,0.695497357904898,1.32263650934791,1.27952638569418,0.112552898211158,6.05443934626937,0.270152731954209,3.656544073471,1.30084915516301,1.69134072148101,0.673390582123869,1.69134072148101,0.36239212783159,0.040258455480263,0.270152731954209,0.294749239674873,0.905202202735486,0.632045625780238,0.36239212783159,0.675233475987994,1.32263650934791,0.675233475987994,3.9143731827731,5.13814861439521,2.12261371354504,0.0536434717325047,1.49009115480153,0.695497357904898,1.25699727263416,2.12261371354504,0.36239212783159,3.656544073471,0.523325171378985,0.191518650274872,0.673390582123869,5.64897423816121,1.92649883461875
"8",2.4837211131939,1.7264834460816,1.36287408691179,1.89735692363832,1.95063829025126,0.451782029946875,2.08887557391319,0,2.03523210218069,1.4136420979252,0.809349188219009,1.51517931222751,0.842547257628606,1.13430265546802,1.81872284195899,1.82549760885991,0.310370375897047,1.0282644034237,0.947091113379877,2.01963116173821,1.7264834460816,0.842547257628606,0.921041334632753,0.842547257628606,1.69783064139474,2.03523210218069,1.9128720444538,0.341222839379811,0.809349188219009,1.0282644034237,1.18367337117771,1.95063829025126,1.48761830475278,2.17380430312812,2.20142847212435,0,1.4136420979252,1.50932950968974,0.598784419111659,1.85535057200959,1.48761830475278,1.01804284935216,0.858741943548585,0.310370375897047,1.9128720444538,3.96556377235618,2.17380430312812,2.72092119969343,1.13430265546802,1.56555040253421,1.0477930402719,1.7264834460816,1.0477930402719,0.947091113379877,1.85535057200959,1.9128720444538,1.4136420979252,0.341222839379811,0.451782029946875,1.27093659158611,2.08887557391319,1.27093659158611,3.96556377235618,0.831878301279037,0.397534852432187,1.85535057200959,2.72092119969343,0.788026418750189,0.161570612688915,1.4136420979252,2.17380430312812,0.858741943548585,2.01963116173821,2.08887557391319,0.676420386754632,1.30999660706924,3.88551357755115,3.56009866424801,0.0337381396318506,3.04927304048202,1.7264834460816,2.03523210218069,0.676420386754632,2.05909374210757,2.12913402939346,2.17380430312812,1.56555040253421,1.36287408691179,2.4837211131939,1.41548499178933,1.3933782160083,0.766239064565282,0.809349188219009,2.20142847212435,3.96556377235618,1.81872284195899,1.56766849955781,0.788026418750189,0.397534852432187,1.41548499178933,0.397534852432187,1.7264834460816,2.12913402939346,1.81872284195899,1.79412633423832,1.18367337117771,2.72092119969343,1.7264834460816,1.4136420979252,0.766239064565282,1.4136420979252,1.82549760885991,3.04927304048202,0.0337381396318506,2.03523210218069,0.598784419111659,1.3933782160083,0.831878301279037,0.0337381396318506,1.7264834460816,1.56766849955781,1.56555040253421,1.89735692363832,1.41548499178933,3.56009866424801,0.16237673929444
"9",0.448489011013208,0.308748656099086,3.39810618909248,0.137875178542368,0.0845938119294303,2.48701413212756,0.0536434717325047,2.03523210218069,0,0.62159000425549,1.22588291396168,0.520052789953178,1.19268484455208,0.900929446712667,0.216509260221704,3.86072971104059,2.34560247807774,1.00696769875699,1.08814098880081,0.0156009404424786,0.308748656099086,1.19268484455208,2.95627343681344,1.19268484455208,0.337401460785953,0,0.122360057726889,2.3764549415605,1.22588291396168,1.00696769875699,0.851558731002982,0.0845938119294303,0.547613797427914,4.20903640530881,0.166196369943663,2.03523210218069,0.62159000425549,0.525902592490954,1.43644768306903,3.89058267419028,0.547613797427914,1.01718925282853,1.1764901586321,2.34560247807774,0.122360057726889,6.00079587453687,4.20903640530881,0.685689097512743,0.900929446712667,0.469681699646481,3.08302514245259,0.308748656099086,3.08302514245259,1.08814098880081,3.89058267419028,0.122360057726889,0.62159000425549,2.3764549415605,2.48701413212756,3.3061686937668,0.0536434717325047,3.3061686937668,6.00079587453687,1.20335380090165,1.6376972497485,3.89058267419028,0.685689097512743,1.2472056834305,1.87366148949177,0.62159000425549,4.20903640530881,1.1764901586321,0.0156009404424786,0.0536434717325047,1.35881171542606,0.725235495111445,1.85028147537046,5.5953307664287,2.06897024181254,5.08450514266271,0.308748656099086,0,1.35881171542606,0.0238616399268796,0.0939019272127677,4.20903640530881,0.469681699646481,3.39810618909248,0.448489011013208,0.619747110391364,0.641853886172393,1.26899303761541,1.22588291396168,0.166196369943663,6.00079587453687,0.216509260221704,3.6029006017385,1.2472056834305,1.6376972497485,0.619747110391364,1.6376972497485,0.308748656099086,0.0939019272127677,0.216509260221704,0.241105767942368,0.851558731002982,0.685689097512743,0.308748656099086,0.62159000425549,1.26899303761541,0.62159000425549,3.86072971104059,5.08450514266271,2.06897024181254,0,1.43644768306903,0.641853886172393,1.20335380090165,2.06897024181254,0.308748656099086,3.6029006017385,0.469681699646481,0.137875178542368,0.619747110391364,5.5953307664287,1.87285536288625
"10",1.0700790152687,0.312841348156404,2.77651618483699,0.483714825713122,0.536996192326059,1.86542412787207,0.675233475987994,1.4136420979252,0.62159000425549,0,0.60429290970619,0.101537214302311,0.571094840296594,0.279339442457177,0.405080744033786,3.2391397067851,1.72401247382225,0.385377694501502,0.466550984545323,0.605989063813011,0.312841348156404,0.571094840296594,2.33468343255795,0.571094840296594,0.284188543469536,0.62159000425549,0.499229946528601,1.75486493730501,0.60429290970619,0.385377694501502,0.229968726747492,0.536996192326059,0.0739762068275756,3.58744640105332,0.787786374199152,1.4136420979252,0,0.0956874117645352,0.81485767881354,3.26899266993479,0.0739762068275756,0.39559924857304,0.554900154376615,1.72401247382225,0.499229946528601,5.37920587028138,3.58744640105332,1.30727910176823,0.279339442457177,0.151908304609009,2.4614351381971,0.312841348156404,2.4614351381971,0.466550984545323,3.26899266993479,0.499229946528601,0,1.75486493730501,1.86542412787207,2.68457868951131,0.675233475987994,2.68457868951131,5.37920587028138,0.581763796646163,1.01610724549301,3.26899266993479,1.30727910176823,0.625615679175011,1.25207148523628,0,3.58744640105332,0.554900154376615,0.605989063813011,0.675233475987994,0.737221711170568,0.103645490855955,2.47187147962595,4.97374076217321,1.44738023755705,4.46291513840722,0.312841348156404,0.62159000425549,0.737221711170568,0.645451644182369,0.715491931468257,3.58744640105332,0.151908304609009,2.77651618483699,1.0700790152687,0.00184289386412573,0.0202638819169039,0.647403033359918,0.60429290970619,0.787786374199152,5.37920587028138,0.405080744033786,2.98131059748301,0.625615679175011,1.01610724549301,0.00184289386412573,1.01610724549301,0.312841348156404,0.715491931468257,0.405080744033786,0.380484236313121,0.229968726747492,1.30727910176823,0.312841348156404,0,0.647403033359918,0,3.2391397067851,4.46291513840722,1.44738023755705,0.62159000425549,0.81485767881354,0.0202638819169039,0.581763796646163,1.44738023755705,0.312841348156404,2.98131059748301,0.151908304609009,0.483714825713122,0.00184289386412573,4.97374076217321,1.25126535863076
"11",1.67437192497489,0.917134257862594,2.1722232751308,1.08800773541931,1.14128910203225,1.26113121816588,1.27952638569418,0.809349188219009,1.22588291396168,0.60429290970619,0,0.705830124008502,0.0331980694095968,0.324953467249014,1.00937365373998,2.63484679707891,1.11971956411606,0.218915215204689,0.137741925160867,1.2102819735192,0.917134257862594,0.0331980694095968,1.73039052285176,0.0331980694095968,0.888481453175727,1.22588291396168,1.10352285623479,1.15057202759882,0,0.218915215204689,0.374324182958699,1.14128910203225,0.678269116533766,2.98315349134713,1.39207928390534,0.809349188219009,0.60429290970619,0.699980321470726,0.21056476910735,2.6646997602286,0.678269116533766,0.20869366113315,0.0493927553295759,1.11971956411606,1.10352285623479,4.77491296057519,2.98315349134713,1.91157201147442,0.324953467249014,0.756201214315199,1.85714222849091,0.917134257862594,1.85714222849091,0.137741925160867,2.6646997602286,1.10352285623479,0.60429290970619,1.15057202759882,1.26113121816588,2.08028577980512,1.27952638569418,2.08028577980512,4.77491296057519,0.0225291130600276,0.411814335786822,2.6646997602286,1.91157201147442,0.0213227694688207,0.647778575530094,0.60429290970619,2.98315349134713,0.0493927553295759,1.2102819735192,1.27952638569418,0.132928801464377,0.500647418850235,3.07616438933214,4.36944785246702,0.84308732785086,3.85862222870103,0.917134257862594,1.22588291396168,0.132928801464377,1.24974455388856,1.31978484117445,2.98315349134713,0.756201214315199,2.1722232751308,1.67437192497489,0.606135803570316,0.584029027789287,0.0431101236537277,0,1.39207928390534,4.77491296057519,1.00937365373998,2.37701768777682,0.0213227694688207,0.411814335786822,0.606135803570316,0.411814335786822,0.917134257862594,1.31978484117445,1.00937365373998,0.984777146019312,0.374324182958699,1.91157201147442,0.917134257862594,0.60429290970619,0.0431101236537277,0.60429290970619,2.63484679707891,3.85862222870103,0.84308732785086,1.22588291396168,0.21056476910735,0.584029027789287,0.0225291130600276,0.84308732785086,0.917134257862594,2.37701768777682,0.756201214315199,1.08800773541931,0.606135803570316,4.36944785246702,0.646972448924569
"12",0.968541800966387,0.211304133854092,2.8780533991393,0.38217761141081,0.435458978023748,1.96696134217439,0.573696261685683,1.51517931222751,0.520052789953178,0.101537214302311,0.705830124008502,0,0.672632054598905,0.380876656759488,0.303543529731474,3.34067692108742,1.82554968812456,0.486914908803813,0.568088198847635,0.5044518495107,0.211304133854092,0.672632054598905,2.43622064686026,0.672632054598905,0.182651329167225,0.520052789953178,0.39769273222629,1.85640215160732,0.705830124008502,0.486914908803813,0.331505941049803,0.435458978023748,0.0275610074747359,3.68898361535563,0.686249159896841,1.51517931222751,0.101537214302311,0.00584980253777623,0.916394893115852,3.3705298842371,0.0275610074747359,0.497136462875352,0.656437368678926,1.82554968812456,0.39769273222629,5.48074308458369,3.68898361535563,1.20574188746592,0.380876656759488,0.0503710903066974,2.56297235249941,0.211304133854092,2.56297235249941,0.568088198847635,3.3705298842371,0.39769273222629,0.101537214302311,1.85640215160732,1.96696134217439,2.78611590381362,0.573696261685683,2.78611590381362,5.48074308458369,0.683301010948474,1.11764445979532,3.3705298842371,1.20574188746592,0.727152893477323,1.3536086995386,0.101537214302311,3.68898361535563,0.656437368678926,0.5044518495107,0.573696261685683,0.838758925472879,0.205182705158267,2.37033426532363,5.07527797647552,1.54891745185936,4.56445235270953,0.211304133854092,0.520052789953178,0.838758925472879,0.543914429880058,0.613954717165946,3.68898361535563,0.0503710903066974,2.8780533991393,0.968541800966387,0.0996943204381857,0.121801096219215,0.74894024766223,0.705830124008502,0.686249159896841,5.48074308458369,0.303543529731474,3.08284781178532,0.727152893477323,1.11764445979532,0.0996943204381857,1.11764445979532,0.211304133854092,0.613954717165946,0.303543529731474,0.27894702201081,0.331505941049803,1.20574188746592,0.211304133854092,0.101537214302311,0.74894024766223,0.101537214302311,3.34067692108742,4.56445235270953,1.54891745185936,0.520052789953178,0.916394893115852,0.121801096219215,0.683301010948474,1.54891745185936,0.211304133854092,3.08284781178532,0.0503710903066974,0.38217761141081,0.0996943204381857,5.07527797647552,1.35280257293307
"13",1.64117385556529,0.883936188452997,2.2054213445404,1.05480966600972,1.10809103262265,1.29432928757548,1.24632831628459,0.842547257628606,1.19268484455208,0.571094840296594,0.0331980694095968,0.672632054598905,0,0.291755397839417,0.976175584330379,2.66804486648851,1.15291763352565,0.185717145795092,0.10454385575127,1.1770839041096,0.883936188452997,0,1.76358859226136,0,0.85528338376613,1.19268484455208,1.07032478682519,1.18377009700842,0.0331980694095968,0.185717145795092,0.341126113549102,1.10809103262265,0.645071047124169,3.01635156075673,1.35888121449575,0.842547257628606,0.571094840296594,0.666782252061129,0.243762838516947,2.69789782963819,0.645071047124169,0.175495591723553,0.0161946859199791,1.15291763352565,1.07032478682519,4.80811102998478,3.01635156075673,1.87837394206483,0.291755397839417,0.723003144905602,1.8903402979005,0.883936188452997,1.8903402979005,0.10454385575127,2.69789782963819,1.07032478682519,0.571094840296594,1.18377009700842,1.29432928757548,2.11348384921471,1.24632831628459,2.11348384921471,4.80811102998478,0.0106689563495692,0.445012405196419,2.69789782963819,1.87837394206483,0.0545208388784175,0.680976644939691,0.571094840296594,3.01635156075673,0.0161946859199791,1.1770839041096,1.24632831628459,0.166126870873974,0.467449349440638,3.04296631992254,4.40264592187662,0.876285397260457,3.89182029811063,0.883936188452997,1.19268484455208,0.166126870873974,1.21654648447896,1.28658677176485,3.01635156075673,0.723003144905602,2.2054213445404,1.64117385556529,0.572937734160719,0.55083095837969,0.0763081930633245,0.0331980694095968,1.35888121449575,4.80811102998478,0.976175584330379,2.41021575718641,0.0545208388784175,0.445012405196419,0.572937734160719,0.445012405196419,0.883936188452997,1.28658677176485,0.976175584330379,0.951579076609715,0.341126113549102,1.87837394206483,0.883936188452997,0.571094840296594,0.0763081930633245,0.571094840296594,2.66804486648851,3.89182029811063,0.876285397260457,1.19268484455208,0.243762838516947,0.55083095837969,0.0106689563495692,0.876285397260457,0.883936188452997,2.41021575718641,0.723003144905602,1.05480966600972,0.572937734160719,4.40264592187662,0.680170518334166
"14",1.34941845772587,0.592180790613581,2.49717674237982,0.763054268170299,0.816335634783236,1.5860846854149,0.954572918445171,1.13430265546802,0.900929446712667,0.279339442457177,0.324953467249014,0.380876656759488,0.291755397839417,0,0.684420186490962,2.95980026432793,1.44467303136507,0.106038252044325,0.187211542088146,0.885328506270188,0.592180790613581,0.291755397839417,2.05534399010078,0.291755397839417,0.563527985926713,0.900929446712667,0.778569388985778,1.47552549484783,0.324953467249014,0.106038252044325,0.049370715709685,0.816335634783236,0.353315649284752,3.30810695859614,1.06712581665633,1.13430265546802,0.279339442457177,0.375026854221712,0.535518236356364,2.98965322747761,0.353315649284752,0.116259806115863,0.275560711919438,1.44467303136507,0.778569388985778,5.0998664278242,3.30810695859614,1.58661854422541,0,0.431247747066186,2.18209569573992,0.592180790613581,2.18209569573992,0.187211542088146,2.98965322747761,0.778569388985778,0.279339442457177,1.47552549484783,1.5860846854149,2.40523924705413,0.954572918445171,2.40523924705413,5.0998664278242,0.302424354188986,0.736767803035836,2.98965322747761,1.58661854422541,0.346276236717834,0.972732042779108,0.279339442457177,3.30810695859614,0.275560711919438,0.885328506270188,0.954572918445171,0.457882268713391,0.175693951601222,2.75121092208312,4.69440131971604,1.16804079509987,4.18357569595004,0.592180790613581,0.900929446712667,0.457882268713391,0.924791086639546,0.994831373925434,3.30810695859614,0.431247747066186,2.49717674237982,1.34941845772587,0.281182336321303,0.259075560540273,0.368063590902741,0.324953467249014,1.06712581665633,5.0998664278242,0.684420186490962,2.70197115502583,0.346276236717834,0.736767803035836,0.281182336321303,0.736767803035836,0.592180790613581,0.994831373925434,0.684420186490962,0.659823678770298,0.049370715709685,1.58661854422541,0.592180790613581,0.279339442457177,0.368063590902741,0.279339442457177,2.95980026432793,4.18357569595004,1.16804079509987,0.900929446712667,0.535518236356364,0.259075560540273,0.302424354188986,1.16804079509987,0.592180790613581,2.70197115502583,0.431247747066186,0.763054268170299,0.281182336321303,4.69440131971604,0.971925916173583
"15",0.664998271234913,0.0922393958773817,3.18159692887078,0.0786340816793363,0.131915448292274,2.27050487190586,0.270152731954209,1.81872284195899,0.216509260221704,0.405080744033786,1.00937365373998,0.303543529731474,0.976175584330379,0.684420186490962,0,3.64422045081889,2.12909321785603,0.790458438535287,0.871631728579109,0.200908319779225,0.0922393958773817,0.976175584330379,2.73976417659174,0.976175584330379,0.120892200564249,0.216509260221704,0.0941492024948154,2.1599456813388,1.00937365373998,0.790458438535287,0.635049470781277,0.131915448292274,0.33110453720621,3.99252714508711,0.382705630165367,1.81872284195899,0.405080744033786,0.30939333226925,1.21993842284733,3.67407341396857,0.33110453720621,0.800679992606826,0.9599808984104,2.12909321785603,0.0941492024948154,5.78428661431516,3.99252714508711,0.902198357734447,0.684420186490962,0.253172439424777,2.86651588223088,0.0922393958773817,2.86651588223088,0.871631728579109,3.67407341396857,0.0941492024948154,0.405080744033786,2.1599456813388,2.27050487190586,3.08965943354509,0.270152731954209,3.08965943354509,5.78428661431516,0.986844540679948,1.4211879895268,3.67407341396857,0.902198357734447,1.0306964232088,1.65715222927007,0.405080744033786,3.99252714508711,0.9599808984104,0.200908319779225,0.270152731954209,1.14230245520435,0.508726234889741,2.06679073559216,5.378821506207,1.85246098159084,4.86799588244101,0.0922393958773817,0.216509260221704,1.14230245520435,0.240370900148584,0.310411187434472,3.99252714508711,0.253172439424777,3.18159692887078,0.664998271234913,0.40323785016966,0.425344625950689,1.0524837773937,1.00937365373998,0.382705630165367,5.78428661431516,0,3.38639134151679,1.0306964232088,1.4211879895268,0.40323785016966,1.4211879895268,0.0922393958773817,0.310411187434472,0,0.0245965077206645,0.635049470781277,0.902198357734447,0.0922393958773817,0.405080744033786,1.0524837773937,0.405080744033786,3.64422045081889,4.86799588244101,1.85246098159084,0.216509260221704,1.21993842284733,0.425344625950689,0.986844540679948,1.85246098159084,0.0922393958773817,3.38639134151679,0.253172439424777,0.0786340816793363,0.40323785016966,5.378821506207,1.65634610266455
"16",4.3092187220538,3.55198105494151,0.462623521948113,3.72285453249823,3.77613589911116,1.37371557891303,3.9143731827731,1.82549760885991,3.86072971104059,3.2391397067851,2.63484679707891,3.34067692108742,2.66804486648851,2.95980026432793,3.64422045081889,0,1.51512723296286,2.8537620122836,2.77258872223978,3.84512877059812,3.55198105494151,2.66804486648851,0.904456274227152,2.66804486648851,3.52332825025464,3.86072971104059,3.73836965331371,1.48427476948009,2.63484679707891,2.8537620122836,3.00917098003761,3.77613589911116,3.31311591361268,0.348306694268216,4.02692608098426,1.82549760885991,3.2391397067851,3.33482711854964,2.42428202797156,0.0298529631496818,3.31311591361268,2.84354045821206,2.68423955240849,1.51512723296286,3.73836965331371,2.14006616349627,0.348306694268216,4.54641880855334,2.95980026432793,3.39104801139411,0.777704568588008,3.55198105494151,0.777704568588008,2.77258872223978,0.0298529631496818,3.73836965331371,3.2391397067851,1.48427476948009,1.37371557891303,0.554561017273798,3.9143731827731,0.554561017273798,2.14006616349627,2.65737591013894,2.22303246129209,0.0298529631496818,4.54641880855334,2.61352402761009,1.98706822154882,3.2391397067851,0.348306694268216,2.68423955240849,3.84512877059812,3.9143731827731,2.50191799561454,3.13549421592915,5.71101118641105,1.73460105538811,1.79175946922805,1.22377543162212,3.55198105494151,3.86072971104059,2.50191799561454,3.88459135096747,3.95463163825336,0.348306694268216,3.39104801139411,0.462623521948113,4.3092187220538,3.24098260064923,3.2188758248682,2.59173667342519,2.63484679707891,4.02692608098426,2.14006616349627,3.64422045081889,0.257829109302099,2.61352402761009,2.22303246129209,3.24098260064923,2.22303246129209,3.55198105494151,3.95463163825336,3.64422045081889,3.61962394309823,3.00917098003761,4.54641880855334,3.55198105494151,3.2391397067851,2.59173667342519,3.2391397067851,0,1.22377543162212,1.79175946922805,3.86072971104059,2.42428202797156,3.2188758248682,2.65737591013894,1.79175946922805,3.55198105494151,0.257829109302099,3.39104801139411,3.72285453249823,3.24098260064923,1.73460105538811,1.98787434815435
"17",2.79409148909094,2.03685382197865,1.05250371101475,2.20772729953537,2.26100866614831,0.141411654049828,2.39924594981024,0.310370375897047,2.34560247807774,1.72401247382225,1.11971956411606,1.82554968812456,1.15291763352565,1.44467303136507,2.12909321785603,1.51512723296286,0,1.33863477932074,1.25746148927692,2.33000153763526,2.03685382197865,1.15291763352565,0.610670958735707,1.15291763352565,2.00820101729178,2.34560247807774,2.22324242035085,0.0308524634827645,1.11971956411606,1.33863477932074,1.49404374707475,2.26100866614831,1.79798868064982,1.86343392723107,2.5117988480214,0.310370375897047,1.72401247382225,1.81969988558678,0.909154795008706,1.54498019611254,1.79798868064982,1.32841322524921,1.16911231944563,0,2.22324242035085,3.65519339645913,1.86343392723107,3.03129157559048,1.44467303136507,1.87592077843126,0.737422664374851,2.03685382197865,0.737422664374851,1.25746148927692,1.54498019611254,2.22324242035085,1.72401247382225,0.0308524634827645,0.141411654049828,0.96056621568906,2.39924594981024,0.96056621568906,3.65519339645913,1.14224867717608,0.707905228329234,1.54498019611254,3.03129157559048,1.09839679464724,0.471940988585962,1.72401247382225,1.86343392723107,1.16911231944563,2.33000153763526,2.39924594981024,0.986790762651679,1.62036698296629,4.19588395344819,3.24972828835097,0.276632236265196,2.73890266458497,2.03685382197865,2.34560247807774,0.986790762651679,2.36946411800462,2.4395044052905,1.86343392723107,1.87592077843126,1.05250371101475,2.79409148909094,1.72585536768637,1.70374859190534,1.07660944046233,1.11971956411606,2.5117988480214,3.65519339645913,2.12909321785603,1.25729812366076,1.09839679464724,0.707905228329234,1.72585536768637,0.707905228329234,2.03685382197865,2.4395044052905,2.12909321785603,2.10449671013537,1.49404374707475,3.03129157559048,2.03685382197865,1.72401247382225,1.07660944046233,1.72401247382225,1.51512723296286,2.73890266458497,0.276632236265196,2.34560247807774,0.909154795008706,1.70374859190534,1.14224867717608,0.276632236265196,2.03685382197865,1.25729812366076,1.87592077843126,2.20772729953537,1.72585536768637,3.24972828835097,0.472747115191487
"18",1.4554567097702,0.698219042657906,2.39113849033549,0.869092520214624,0.922373886827561,1.48004643337057,1.0606111704895,1.0282644034237,1.00696769875699,0.385377694501502,0.218915215204689,0.486914908803813,0.185717145795092,0.106038252044325,0.790458438535287,2.8537620122836,1.33863477932074,0,0.0811732900438216,0.991366758314513,0.698219042657906,0.185717145795092,1.94930573805645,0.185717145795092,0.669566237971038,1.00696769875699,0.884607641030103,1.36948724280351,0.218915215204689,0,0.15540896775401,0.922373886827561,0.459353901329077,3.20206870655182,1.17316406870065,1.0282644034237,0.385377694501502,0.481065106266037,0.429479984312039,2.88361497543328,0.459353901329077,0.0102215540715385,0.169522459875113,1.33863477932074,0.884607641030103,4.99382817577987,3.20206870655182,1.69265679626973,0.106038252044325,0.537285999110511,2.0760574436956,0.698219042657906,2.0760574436956,0.0811732900438216,2.88361497543328,0.884607641030103,0.385377694501502,1.36948724280351,1.48004643337057,2.29920099500981,1.0606111704895,2.29920099500981,4.99382817577987,0.196386102144661,0.630729550991511,2.88361497543328,1.69265679626973,0.240237984673509,0.866693790734783,0.385377694501502,3.20206870655182,0.169522459875113,0.991366758314513,1.0606111704895,0.351844016669066,0.281732203645547,2.85724917412745,4.58836306767171,1.06200254305555,4.07753744390572,0.698219042657906,1.00696769875699,0.351844016669066,1.03082933868387,1.10086962596976,3.20206870655182,0.537285999110511,2.39113849033549,1.4554567097702,0.387220588365627,0.365113812584598,0.262025338858416,0.218915215204689,1.17316406870065,4.99382817577987,0.790458438535287,2.5959329029815,0.240237984673509,0.630729550991511,0.387220588365627,0.630729550991511,0.698219042657906,1.10086962596976,0.790458438535287,0.765861930814623,0.15540896775401,1.69265679626973,0.698219042657906,0.385377694501502,0.262025338858416,0.385377694501502,2.8537620122836,4.07753744390572,1.06200254305555,1.00696769875699,0.429479984312039,0.365113812584598,0.196386102144661,1.06200254305555,0.698219042657906,2.5959329029815,0.537285999110511,0.869092520214624,0.387220588365627,4.58836306767171,0.865887664129258
